[gd_scene load_steps=20 format=3 uid="uid://4k88gc8ltwq8"]

[ext_resource type="Script" path="res://scenes/alley-cat/alley.gd" id="1_3viqq"]
[ext_resource type="PackedScene" uid="uid://b588ayt8gc3wk" path="res://scenes/player/player_3d.tscn" id="2_rbv1v"]
[ext_resource type="PackedScene" uid="uid://0lix1shdvs46" path="res://scenes/alley-cat/trash_can_1.tscn" id="3_qb571"]
[ext_resource type="PackedScene" uid="uid://dxo1gw1swwr20" path="res://scenes/alley-cat/fence_type_4.tscn" id="4_nftaj"]
[ext_resource type="PackedScene" uid="uid://ctstfivo80637" path="res://scenes/alley-cat/road_02.tscn" id="5_07pqf"]
[ext_resource type="PackedScene" uid="uid://dnadvfi68gelr" path="res://scenes/alley-cat/garbage_truck.tscn" id="5_unkld"]
[ext_resource type="PackedScene" uid="uid://ip407jw2rjuk" path="res://scenes/alley-cat/road_10.tscn" id="6_khmhs"]
[ext_resource type="PackedScene" uid="uid://b5s1j0wg7agu5" path="res://scenes/alley-cat/house_01.tscn" id="7_4uqoo"]
[ext_resource type="PackedScene" uid="uid://drvd368vm7qag" path="res://scenes/alley-cat/fish.tscn" id="8_ajr37"]
[ext_resource type="PackedScene" uid="uid://bxv6c36xm0gpg" path="res://scenes/alley-cat/bone.tscn" id="9_44s6e"]
[ext_resource type="Script" path="res://scenes/alley-cat/path_follow_3d.gd" id="10_00vhm"]

[sub_resource type="ProceduralSkyMaterial" id="ProceduralSkyMaterial_y5aho"]
sky_horizon_color = Color(0.64625, 0.65575, 0.67075, 1)
ground_horizon_color = Color(0.64625, 0.65575, 0.67075, 1)

[sub_resource type="Sky" id="Sky_tpf6w"]
sky_material = SubResource("ProceduralSkyMaterial_y5aho")

[sub_resource type="Environment" id="Environment_708qy"]
background_mode = 2
sky = SubResource("Sky_tpf6w")
tonemap_mode = 2

[sub_resource type="StandardMaterial3D" id="StandardMaterial3D_att7b"]
albedo_color = Color(0.0124764, 0.169073, 0.0817671, 1)

[sub_resource type="PlaneMesh" id="PlaneMesh_tpjn0"]
material = SubResource("StandardMaterial3D_att7b")
size = Vector2(10, 10)

[sub_resource type="BoxShape3D" id="BoxShape3D_5hadr"]
size = Vector3(9.2, 0, 9.2)

[sub_resource type="StandardMaterial3D" id="StandardMaterial3D_v2tuj"]
albedo_color = Color(0.396078, 0.247059, 0.184314, 1)

[sub_resource type="Curve3D" id="Curve3D_n21l0"]
_data = {
"points": PackedVector3Array(0, 0, 0, 0, 0, 0, -6.5, 0, 0, 0, 0, 0, 0, 0, 0, -6.5, 0, -13, 0, 0, 0, 0, 0, 0, 6.5, 0, -13, 0, 0, 0, 0, 0, 0, 6.5, 0, 0),
"tilts": PackedFloat32Array(0, 0, 0, 0)
}
point_count = 4

[node name="Alley" type="Node3D"]
script = ExtResource("1_3viqq")

[node name="Camera3D" type="Camera3D" parent="."]
transform = Transform3D(-1, 0, -8.74228e-08, 0, 1, 0, 8.74228e-08, 0, -1, 0, 1.1552, -13.8082)

[node name="DirectionalLight3D" type="DirectionalLight3D" parent="."]
transform = Transform3D(-0.866025, -0.433013, 0.25, 0, 0.5, 0.866025, -0.5, 0.75, -0.433013, 0, 0, 0)
light_volumetric_fog_energy = 9.404
shadow_enabled = true

[node name="WorldEnvironment" type="WorldEnvironment" parent="."]
environment = SubResource("Environment_708qy")

[node name="Grass" type="MeshInstance3D" parent="."]
transform = Transform3D(1, 0, 0, 0, 1, 0, 0, 0, 1, 0, 0, -6.2)
mesh = SubResource("PlaneMesh_tpjn0")

[node name="StaticBody3D" type="StaticBody3D" parent="."]

[node name="CollisionShape3D" type="CollisionShape3D" parent="StaticBody3D"]
transform = Transform3D(1, 0, 0, 0, 1, 0, 0, 0, 1, 0, 0, -6)
shape = SubResource("BoxShape3D_5hadr")

[node name="Player3D" parent="." instance=ExtResource("2_rbv1v")]
transform = Transform3D(-1, 0, -8.74228e-08, 0, 1, 0, 8.74228e-08, 0, -1, 0, 0.1, -12.1744)

[node name="TrashCan1" parent="." instance=ExtResource("3_qb571")]
transform = Transform3D(0.6, 0, 0, 0, 0.6, 0, 0, 0, 0.6, 0.2, 0.08, -11.7)

[node name="TrashCan2" parent="." instance=ExtResource("3_qb571")]
transform = Transform3D(0.6, 0, 0, 0, 0.6, 0, 0, 0, 0.6, 1, 0.08, -11.7)

[node name="TrashCan3" parent="." instance=ExtResource("3_qb571")]
transform = Transform3D(0.8, 0, 0, 0, 0.8, 0, 0, 0, 0.8, 1.7, 0.08, -11.7)

[node name="TrashCan4" parent="." instance=ExtResource("3_qb571")]
transform = Transform3D(0.6, 0, 0, 0, 0.6, 0, 0, 0, 0.6, 2.4, 0.08, -11.7)

[node name="TrashCan5" parent="." instance=ExtResource("3_qb571")]
transform = Transform3D(0.6, 0, 0, 0, 0.6, 0, 0, 0, 0.6, -1.2, 0.08, -11.7)

[node name="TrashCan6" parent="." instance=ExtResource("3_qb571")]
transform = Transform3D(0.8, 0, 0, 0, 0.8, 0, 0, 0, 0.8, -1.9, 0.08, -11.7)

[node name="Fish" parent="." instance=ExtResource("8_ajr37")]
transform = Transform3D(0.850206, -0.0877368, -0.519088, 0.0937643, 0.995486, -0.0146827, 0.518033, -0.0361885, 0.854595, -0.7, 0.0910269, -12.1482)

[node name="Bone" parent="." instance=ExtResource("9_44s6e")]
transform = Transform3D(0.866025, 0, 0.5, 0, 1, 0, -0.5, 0, 0.866025, -0.3, 0.0919858, -12)

[node name="Fence" type="Node3D" parent="."]
transform = Transform3D(-1, -1.51808e-08, 8.60946e-08, 0, 0.984808, 0.173648, -8.74228e-08, 0.173648, -0.984808, 0, 1.5, -14)

[node name="FenceType4" parent="Fence" instance=ExtResource("4_nftaj")]
transform = Transform3D(-1, -7.57908e-15, -8.74228e-08, -1.51808e-08, 0.984807, 0.173648, 8.60946e-08, 0.173648, -0.984807, -3.5, -1, -2.752)

[node name="FenceType5" parent="Fence" instance=ExtResource("4_nftaj")]
transform = Transform3D(-1, -7.57908e-15, -8.74228e-08, -1.51808e-08, 0.984807, 0.173648, 8.60946e-08, 0.173648, -0.984807, -2.5, -1, -2.752)

[node name="FenceType6" parent="Fence" instance=ExtResource("4_nftaj")]
transform = Transform3D(-1, -8.05274e-15, -8.74228e-08, -1.51808e-08, 0.984807, 0.173648, 8.60946e-08, 0.173648, -0.984807, -1.5, -1, -2.752)

[node name="FenceType7" parent="Fence" instance=ExtResource("4_nftaj")]
transform = Transform3D(-1, -9.8291e-15, -8.74228e-08, -1.51808e-08, 0.984807, 0.173648, 8.60946e-08, 0.173648, -0.984807, -0.5, -0.999999, -2.752)

[node name="FenceType8" parent="Fence" instance=ExtResource("4_nftaj")]
transform = Transform3D(-1, -1.33818e-14, -8.74228e-08, -1.51808e-08, 0.984807, 0.173648, 8.60946e-08, 0.173648, -0.984807, 0.5, -0.999999, -2.752)

[node name="FenceType9" parent="Fence" instance=ExtResource("4_nftaj")]
transform = Transform3D(-1, -1.51582e-14, -8.74228e-08, -1.51808e-08, 0.984807, 0.173648, 8.60946e-08, 0.173648, -0.984807, 1.5, -0.999999, -2.752)

[node name="FenceType10" parent="Fence" instance=ExtResource("4_nftaj")]
transform = Transform3D(-1, -1.74082e-14, -8.74228e-08, -1.51808e-08, 0.984807, 0.173648, 8.60946e-08, 0.173648, -0.984807, 2.5, -0.999999, -2.752)

[node name="FenceType11" parent="Fence" instance=ExtResource("4_nftaj")]
transform = Transform3D(-1, -1.91845e-14, -8.74228e-08, -1.51808e-08, 0.984807, 0.173648, 8.60946e-08, 0.173648, -0.984807, 3.5, -0.999999, -2.752)

[node name="FenceType12" parent="Fence" instance=ExtResource("4_nftaj")]
transform = Transform3D(-1, -2.09609e-14, -8.74228e-08, -1.51808e-08, 0.984807, 0.173648, 8.60946e-08, 0.173648, -0.984807, 4.5, -0.999998, -2.752)

[node name="Road" type="Node3D" parent="."]

[node name="Road02" parent="Road" instance=ExtResource("5_07pqf")]
transform = Transform3D(-4.37114e-08, 0, 1, 0, 1, 0, -1, 0, -4.37114e-08, -1.2, 0, 1)

[node name="Road05" parent="Road" instance=ExtResource("5_07pqf")]
transform = Transform3D(-4.37114e-08, 0, 1, 0, 1, 0, -1, 0, -4.37114e-08, -3.6, 0, 1)

[node name="Road14" parent="Road" instance=ExtResource("5_07pqf")]
transform = Transform3D(-4.37114e-08, 0, -1, 0, 1, 0, 1, 0, -4.37114e-08, -3.6, 0, 1)

[node name="Road15" parent="Road" instance=ExtResource("5_07pqf")]
transform = Transform3D(-4.37114e-08, 0, -1, 0, 1, 0, 1, 0, -4.37114e-08, -1.2, 0, 1)

[node name="Road22" parent="Road" instance=ExtResource("5_07pqf")]
transform = Transform3D(-4.37114e-08, 0, 1, 0, 1, 0, -1, 0, -4.37114e-08, 3.6, 0, 1)

[node name="Road23" parent="Road" instance=ExtResource("5_07pqf")]
transform = Transform3D(-4.37114e-08, 0, 1, 0, 1, 0, -1, 0, -4.37114e-08, 1.2, 0, 1)

[node name="Road24" parent="Road" instance=ExtResource("5_07pqf")]
transform = Transform3D(-4.37114e-08, 0, -1, 0, 1, 0, 1, 0, -4.37114e-08, 1.2, 0, 1)

[node name="Road25" parent="Road" instance=ExtResource("5_07pqf")]
transform = Transform3D(-4.37114e-08, 0, -1, 0, 1, 0, 1, 0, -4.37114e-08, 3.6, 0, 1)

[node name="Road08" parent="Road" instance=ExtResource("5_07pqf")]
transform = Transform3D(-4.37114e-08, 0, -1, 0, 1, 0, 1, 0, -4.37114e-08, -3.6, 0, -13.4)

[node name="Road09" parent="Road" instance=ExtResource("5_07pqf")]
transform = Transform3D(-4.37114e-08, 0, -1, 0, 1, 0, 1, 0, -4.37114e-08, -1.2, 0, -13.4)

[node name="Road20" parent="Road" instance=ExtResource("5_07pqf")]
transform = Transform3D(-4.37114e-08, 0, 1, 0, 1, 0, -1, 0, -4.37114e-08, -1.2, 0, -13.4)

[node name="Road21" parent="Road" instance=ExtResource("5_07pqf")]
transform = Transform3D(-4.37114e-08, 0, 1, 0, 1, 0, -1, 0, -4.37114e-08, -3.6, 0, -13.4)

[node name="Road34" parent="Road" instance=ExtResource("5_07pqf")]
transform = Transform3D(-4.37114e-08, 0, -1, 0, 1, 0, 1, 0, -4.37114e-08, 1.2, 0, -13.4)

[node name="Road35" parent="Road" instance=ExtResource("5_07pqf")]
transform = Transform3D(-4.37114e-08, 0, -1, 0, 1, 0, 1, 0, -4.37114e-08, 3.6, 0, -13.4)

[node name="Road36" parent="Road" instance=ExtResource("5_07pqf")]
transform = Transform3D(-4.37114e-08, 0, 1, 0, 1, 0, -1, 0, -4.37114e-08, 3.6, 0, -13.4)

[node name="Road37" parent="Road" instance=ExtResource("5_07pqf")]
transform = Transform3D(-4.37114e-08, 0, 1, 0, 1, 0, -1, 0, -4.37114e-08, 1.2, 0, -13.4)

[node name="Road06" parent="Road" instance=ExtResource("5_07pqf")]
transform = Transform3D(1, 0, 1.06581e-14, 0, 1, 0, -1.06581e-14, 0, 1, -7.2, 0, -2.6)

[node name="Road07" parent="Road" instance=ExtResource("5_07pqf")]
transform = Transform3D(1, 0, 0, 0, 1, 0, 0, 0, 1, -7.2, 0, -5)

[node name="Road18" parent="Road" instance=ExtResource("5_07pqf")]
transform = Transform3D(-1, 0, -8.74228e-08, 0, 1, 0, 8.74228e-08, 0, -1, -7.2, 0, -2.6)

[node name="Road19" parent="Road" instance=ExtResource("5_07pqf")]
transform = Transform3D(-1, 0, -8.74228e-08, 0, 1, 0, 8.74228e-08, 0, -1, -7.2, 0, -5)

[node name="Road30" parent="Road" instance=ExtResource("5_07pqf")]
transform = Transform3D(1, 0, 1.06581e-14, 0, 1, 0, -1.06581e-14, 0, 1, -7.2, 0, -7.4)

[node name="Road31" parent="Road" instance=ExtResource("5_07pqf")]
transform = Transform3D(1, 0, 0, 0, 1, 0, 0, 0, 1, -7.2, 0, -9.8)

[node name="Road32" parent="Road" instance=ExtResource("5_07pqf")]
transform = Transform3D(-1, 0, -8.74228e-08, 0, 1, 0, 8.74228e-08, 0, -1, -7.2, 0, -7.4)

[node name="Road33" parent="Road" instance=ExtResource("5_07pqf")]
transform = Transform3D(-1, 0, -8.74228e-08, 0, 1, 0, 8.74228e-08, 0, -1, -7.2, 0, -9.8)

[node name="Road16" parent="Road" instance=ExtResource("5_07pqf")]
transform = Transform3D(1, 0, 1.06581e-14, 0, 1, 0, -1.06581e-14, 0, 1, 7.2, 0, -2.6)

[node name="Road17" parent="Road" instance=ExtResource("5_07pqf")]
transform = Transform3D(1, 0, 0, 0, 1, 0, 0, 0, 1, 7.2, 0, -5)

[node name="Road03" parent="Road" instance=ExtResource("5_07pqf")]
transform = Transform3D(-1, 0, -8.74228e-08, 0, 1, 0, 8.74228e-08, 0, -1, 7.2, 0, -2.6)

[node name="Road04" parent="Road" instance=ExtResource("5_07pqf")]
transform = Transform3D(-1, 0, -8.74228e-08, 0, 1, 0, 8.74228e-08, 0, -1, 7.2, 0, -5)

[node name="Road26" parent="Road" instance=ExtResource("5_07pqf")]
transform = Transform3D(1, 0, 1.06581e-14, 0, 1, 0, -1.06581e-14, 0, 1, 7.2, 0, -7.4)

[node name="Road27" parent="Road" instance=ExtResource("5_07pqf")]
transform = Transform3D(1, 0, 0, 0, 1, 0, 0, 0, 1, 7.2, 0, -9.8)

[node name="Road28" parent="Road" instance=ExtResource("5_07pqf")]
transform = Transform3D(-1, 0, -8.74228e-08, 0, 1, 0, 8.74228e-08, 0, -1, 7.2, 0, -7.4)

[node name="Road29" parent="Road" instance=ExtResource("5_07pqf")]
transform = Transform3D(-1, 0, -8.74228e-08, 0, 1, 0, 8.74228e-08, 0, -1, 7.2, 0, -9.8)

[node name="Road10" parent="Road" instance=ExtResource("6_khmhs")]
transform = Transform3D(-1, 0, -8.74228e-08, 0, 1, 0, 8.74228e-08, 0, -1, 7.2, 0, 1)

[node name="Road11" parent="Road" instance=ExtResource("6_khmhs")]
transform = Transform3D(-4.37114e-08, 0, 1, 0, 1, 0, -1, 0, -4.37114e-08, -7.2, 0, 1)

[node name="Road12" parent="Road" instance=ExtResource("6_khmhs")]
transform = Transform3D(1, 0, 0, 0, 1, 0, 0, 0, 1, -7.2, 0, -13.4)

[node name="Road13" parent="Road" instance=ExtResource("6_khmhs")]
transform = Transform3D(-4.37114e-08, 0, -1, 0, 1, 0, 1, 0, -4.37114e-08, 7.2, 0, -13.4)

[node name="House01" parent="." instance=ExtResource("7_4uqoo")]
transform = Transform3D(0.6, 0, 0, 0, 0.32, 0, 0, 0, 0.4, -0.6, 0.725, -10.1)

[node name="House02" parent="." instance=ExtResource("7_4uqoo")]
transform = Transform3D(0.6, 0, 0, 0, 0.32, 0, 0, 0, 0.4, 0.8, 0.725, -10.1)

[node name="CSGBox3D" type="CSGBox3D" parent="."]
transform = Transform3D(1, 0, 0, 0, 1, 0, 0, 0, 1, 0.0976076, 0.4, -10.0902)
material_override = SubResource("StandardMaterial3D_v2tuj")
size = Vector3(5.60478, 0.8, 2.20053)

[node name="Path3D" type="Path3D" parent="."]
curve = SubResource("Curve3D_n21l0")

[node name="PathFollow3D" type="PathFollow3D" parent="Path3D"]
transform = Transform3D(1, 0, 0, 0, 1, 0, 0, 0, 1, -6.5, 0, 0)
script = ExtResource("10_00vhm")

[node name="GarbageTruck" parent="Path3D/PathFollow3D" instance=ExtResource("5_unkld")]
transform = Transform3D(-4.37114e-08, 0, -1, 0, 1, 0, 1, 0, -4.37114e-08, 0, 0, -13)
